33.203868,-87.552103
33.189816,-87.493607
33.163714,-87.503879
33.218958,-87.5278319
33.2052631285,-87.5551417725
33.2036153735,-87.5444610839
33.2016409324,-87.5562145158
33.1941690612,-87.5478304082
33.233504,-87.586903
33.189816,-87.493607
33.160777,-87.490502
33.217095,-87.5124159
33.1949773333,-87.5508967333
33.191088,-87.541872
33.208353663,-87.5552788377
33.206136,-87.5459709
33.218958,-87.5278319
33.1893821961,-87.5302543388
33.2016409324,-87.5562145158
33.206136,-87.5459709
33.220385,-87.5257799
33.160777,-87.490502
33.233504,-87.586903
33.2040842209,-87.5537304022
33.189816,-87.493607
33.218958,-87.5278319
33.202638,-87.4629649
33.239838,-87.5561159
33.2086487816,-87.5561913598
33.2046961252,-87.5458593306
33.164673,-87.5129479
33.160777,-87.490502
33.154775,-87.5079349
33.164673,-87.5129479
33.154775,-87.5079349
33.233504,-87.586903
33.2076848649,-87.5554036634
33.2084862548,-87.556241332
33.1927079937,-87.5484937818
33.233504,-87.586903
33.163714,-87.503879
33.164673,-87.5129479
33.1609903368,-87.5040501414
33.1975853095,-87.5033818631
33.1941690612,-87.5478304082
33.239838,-87.5561159
33.1975849762,-87.5033717798
33.154775,-87.5079349
33.154775,-87.5079349
33.203782,-87.550515
33.217095,-87.5124159
33.164673,-87.5129479
33.202638,-87.4629649
33.202638,-87.4629649
33.189816,-87.493607
33.204609,-87.544155
33.204609,-87.544155
33.2136121621,-87.5537643352
33.1927079937,-87.5484937818
33.221447,-87.561982
33.2086487816,-87.5561913598
33.2046961252,-87.5458593306
33.239838,-87.5561159
33.164673,-87.5129479
33.154775,-87.5079349
33.154775,-87.5079349
33.203868,-87.552103
33.2138801963,-87.5201552471
33.239838,-87.5561159
33.239838,-87.5561159
33.154775,-87.5079349
33.2036153735,-87.5444610839
33.197701255,-87.5075525436
33.154775,-87.5079349
33.202638,-87.4629649
33.163714,-87.503879
33.164673,-87.5129479
33.202638,-87.4629649
33.20871725,-87.57326175
33.202638,-87.4629649
33.2076848649,-87.5554036634
33.2050086532,-87.5333868629
33.239838,-87.5561159
33.221447,-87.561982
33.202638,-87.4629649
33.182971,-87.551506
33.1978167311,-87.5338981651
33.2048608492,-87.5458201725
33.2022569326,-87.5433179239
33.2066459168,-87.5642591194
33.2055924338,-87.5098934582
33.239838,-87.5561159
33.193414,-87.530087
33.154775,-87.5079349
33.1621121989,-87.5038981181
33.200784822,-87.5210736936
33.1986,-87.5201529
33.197701255,-87.5075525436
33.20871725,-87.57326175
33.198845,-87.5803399
33.221447,-87.561982
33.1978697972,-87.5344182123
33.1978697972,-87.5344182123
33.1972944592,-87.4961832935
33.202638,-87.4629649
33.2050086532,-87.5333868629
33.2136121621,-87.5537643352
33.197050476,-87.5362867675
33.1822934377,-87.5324543214
33.2138801963,-87.5201552471
33.239838,-87.5561159
33.1972944592,-87.4961832935
33.182971,-87.551506
33.221447,-87.561982
33.1978167311,-87.5338981651
33.2004350666,-87.5507109061
33.2037865602,-87.5506205238
33.240472,-87.549217
33.2076848649,-87.5554036634
33.193414,-87.530087
33.200873,-87.526422
33.193414,-87.530087
33.1978697972,-87.5344182123
33.2055924338,-87.5098934582
33.1978697972,-87.5344182123
33.191088,-87.541872
33.1978697972,-87.5344182123
33.2037865602,-87.5506205238
33.2057961378,-87.5665924406
33.2127052973,-87.5693435135
33.198845,-87.5803399
33.1986,-87.5201529
33.200784822,-87.5210736936
33.1972944592,-87.4961832935
33.2138801963,-87.5201552471
33.20871725,-87.57326175
33.204876307,-87.5636928751
33.19842,-87.5230899
33.199151,-87.546611
33.1972944592,-87.4961832935
33.2048608492,-87.5458201725
33.2022569326,-87.5433179239
33.1570673069,-87.5398467563
33.200873,-87.526422
33.219506,-87.520297
33.219506,-87.520297
33.2048608492,-87.5458201725
33.2057961378,-87.5665924406
33.2127052973,-87.5693435135
33.204876307,-87.5636928751
33.193414,-87.530087
33.193414,-87.530087
33.199151,-87.546611
33.200873,-87.526422
33.182971,-87.551506
33.2041828646,-87.5159926198
33.2098809876,-87.4988418335
33.1978697972,-87.5344182123
33.199151,-87.546611
33.2004350666,-87.5507109061
33.2050086532,-87.5333868629
33.182971,-87.551506
33.197050476,-87.5362867675
33.1912183724,-87.5403084163
33.200784822,-87.5210736936
33.204876307,-87.5636928751
33.19842,-87.5230899
33.1974727226,-87.5326492019
33.199151,-87.546611
33.219506,-87.520297
33.219506,-87.520297
33.2056776333,-87.5635039631
33.2057961378,-87.5665924406
33.198845,-87.5803399
33.2127052973,-87.5693435135
33.2100363265,-87.566955
33.2127052973,-87.5693435135
33.210847,-87.5653369
33.2041993182,-87.5551451364
33.2098809876,-87.4988418335
33.2127052973,-87.5693435135
33.2127052973,-87.5693435135
33.2022569326,-87.5433179239
33.200784822,-87.5210736936
33.19842,-87.5230899
33.2050086532,-87.5333868629
33.2136121621,-87.5537643352
33.2004350666,-87.5507109061
33.198845,-87.5803399
33.213991,-87.5548219
33.2022569326,-87.5433179239
33.2050086532,-87.5333868629
33.198365149,-87.5402946945
33.194319399,-87.5431909192
33.210995,-87.553761
33.2119172143,-87.5553965447
33.210995,-87.553761
33.2143130335,-87.5536517724
33.211776,-87.559079
33.2143433589,-87.5541891155
33.2143101549,-87.5535897376
33.2143433589,-87.5541891155
33.2117807091,-87.5591052364
33.2196025877,-87.5281140449
33.1946817762,-87.5437817811
33.2143135133,-87.5536621115
33.2143115942,-87.553620755
33.2143111144,-87.5536104159
33.194319399,-87.5431909192
33.211776,-87.559079
33.2143139931,-87.5536724506
33.2053054413,-87.5147837084
33.1954370244,-87.5435928537
33.1954148776,-87.5477149388
33.2143433589,-87.5541891155
33.211754,-87.561893
33.211754,-87.561893
33.1954148776,-87.5477149388
33.2143433589,-87.5541891155
33.2143125537,-87.5536414333
33.214312074,-87.5536310941
33.2143115942,-87.553620755
33.2028710788,-87.5523024706
33.186208662,-87.5158122135
33.2143130335,-87.5536517724
33.214145281,-87.553626005
33.2234765577,-87.5026233719
33.211754,-87.561893
33.1870578284,-87.5224812429
33.2234765577,-87.5026233719
33.2048608492,-87.5458201725
33.1870578284,-87.5224812429
33.211754,-87.561893
33.211868425,-87.5556192926
33.2127240776,-87.5648160195
33.2234765577,-87.5026233719
33.2008136178,-87.5389611813
33.2596889142,-87.5132766463
33.1681136109,-87.5139552372
33.195727554,-87.5528671467
