0
1
4
5
7
8
9
10
12
13
15
17
21
22
24
26
27
36
39
41
42
45
46
47
48
50
51
53
54
56
57
61
63
66
72
73
74
75
77
79
81
83
86
87
88
90
91
92
93
95
96
97
98
102
103
104
106
108
111
112
114
115
117
124
125
127
129
132
133
134
135
136
139
143
144
148
149
151
152
154
155
156
158
159
160
170
172
174
175
176
177
181
184
186
187
188
189
190
192
193
194
195
196
197
199
200
202
207
209
210
211
212
213
214
215
216
217
218
219
221
222
224
229
230
232
234
238
239
240
242
243
244
246
248
251
252
255
258
259
263
265
266
267
268
270
271
272
274
275
276
278
279
280
282
283
284
292
293
294
295
297
302
303
304
306
307
308
309
310
312
314
317
318
321
323
324
325
326
327
332
334
337
339
340
346
351
352
356
357
365
367
368
372
373
374
375
379
380
381
383
385
387
389
390
392
393
394
395
396
398
401
402
408
412
413
416
417
419
420
421
423
425
426
429
434
442
443
447
448
449
454
456
457
459
460
461
462
465
467
468
471
473
474
475
476
478
479
481
482
483
484
485
487
488
489
491
492
494
496
497
498
499
500
501
502
505
506
507
508
509
512
513
514
515
516
517
518
519
520
521
522
524
527
531
532
533
535
536
538
543
546
548
553
554
558
560
561
562
563
564
567
568
570
573
576
578
579
580
582
583
586
591
594
595
601
603
604
608
609
611
614
616
617
618
619
621
623
629
630
631
632
633
634
638
642
646
648
649
651
653
654
655
658
660
661
667
669
671
673
674
675
676
677
680
681
683
684
688
690
694
696
698
700
704
708
709
710
711
712
714
715
716
718
720
726
727
735
737
738
739
740
741
744
746
747
749
750
756
757
758
759
760
762
763
764
767
768
771
772
773
777
779
783
784
785
786
787
788
790
791
793
794
798
800
805
806
807
813
814
817
820
825
826
828
829
830
832
834
836
837
839
840
841
842
844
845
846
847
848
850
851
852
856
867
870
871
873
874
875
878
882
883
885
886
887
890
892
895
896
899
900
901
902
904
905
906
909
912
914
915
916
917
920
921
922
923
924
926
927
931
932
934
936
938
939
940
943
949
951
955
957
958
960
961
964
968
969
973
974
975
976
